<?xml version="1.0" encoding="UTF-8" standalone="no"?>
<!DOCTYPE svg PUBLIC "-//W3C//DTD SVG 20010904//EN"
              "http://www.w3.org/TR/2001/REC-SVG-20010904/DTD/svg10.dtd">

<svg xmlns="http://www.w3.org/2000/svg"
     width="6.4in" height="3.6in"
     viewBox="0 0 1920 1080">
  <path id="Path"
        fill="none" stroke="black" stroke-width="1"
        d="M 1249.50,-31.50
           C 1249.50,-31.50 1486.50,213.00 1486.50,213.00
             1486.50,213.00 1728.00,274.50 1728.00,274.50
             1728.00,274.50 1944.00,501.00 1944.00,501.00
             1944.00,501.00 1954.50,1126.50 1954.50,1126.50
             1954.50,1126.50 756.00,1122.00 756.00,1122.00
             756.00,1122.00 444.00,736.50 444.00,736.50
             444.00,736.50 202.50,685.50 202.50,685.50
             202.50,685.50 -16.50,499.50 -16.50,499.50
             -16.50,499.50 -16.50,-48.00 -16.50,-48.00
             -16.50,-48.00 1249.50,-31.50 1249.50,-31.50" />
</svg>
